1 0
2 0
3 0
4 0
5 0
6 0
7 0
8 0
9 0
10 0
11 0
12 0
13 0
14 0
15 0
16 0
17 0
18 0
19 0
20 0
21 0
22 0
23 0
24 0
25 0
26 0
27 0
28 0
29 0
30 0
31 0
32 0
33 0
34 0
35 0
36 0
37 0
38 0
39 0
40 0
41 0
42 0
43 0
44 0
45 0
46 0
47 1809.07
48 1725.16
49 1742.3
50 1709.25
51 1707.62
52 1760.46
53 1766.57
54 1782.96
55 1787.16
56 1785.98
57 1641.23
58 1715.78
59 1753.93
60 0
61 0
62 0
63 0
64 0
65 0
66 0
67 0
68 0
69 1704.19
70 1743.63
71 1790.32
72 1751.08
73 1816.86
74 1749.85
75 0
76 0
77 0
78 0
79 0
80 2185.49
81 1940.02
82 1872.08
83 1875.19
84 1888.08
85 1923.92
86 1902.4
87 1909.26
88 1910.92
89 92.6126
90 95.2273
91 1866.06
92 1929.53
93 1953.53
94 1976.7
95 1991.71
96 2003.75
97 0
98 0
99 0
100 0
101 0
102 0
103 0
104 0
105 1837.96
106 1894.19
107 1898.45
108 1911.75
109 1921.32
110 1941.47
111 1960.94
112 1982.46
113 1995.45
114 1892.04
115 1869.45
116 0
117 0
118 0
119 0
120 0
121 1991.85
122 1953.57
123 1947.94
124 1986.59
125 1982.78
126 1914.38
127 1996.78
128 1917.66
129 1927.06
130 1930.37
131 1945.02
132 1954.4
133 1959.42
134 1935.77
135 101.556
136 83.5724
137 3.12088
138 1870.4
139 1903.73
140 1839.19
141 1865.14
142 1891.16
143 1899.88
144 1909.37
145 0
146 1925.08
147 1931.48
148 1929.71
149 1948.64
150 1947.2
151 1954.93
152 1954.98
153 1947.01
154 1974.24
155 1960.04
156 1962.32
157 1955.18
158 2001.64
159 1996.77
160 2034.36
161 2054.36
162 2068.14
163 1797.17
164 0
165 0
166 0
167 0
168 0
169 0
170 0
171 0
172 0
173 0
174 0
175 0
176 0
177 0
178 0
179 0
180 0
181 0
182 0
183 0
184 0
185 0
186 0
187 0
188 0
189 0
190 0
191 0
192 0
