1 0
2 0
3 0
4 0
5 0
6 0
7 0
8 0
9 0
10 0
11 0
12 0
13 0
14 0
15 0
16 0
17 0
18 0
19 0
20 0
21 0
22 0
23 0
24 0
25 0
26 0
27 0
28 0
29 0
30 0
31 0
32 0
33 0
34 0
35 0
36 0
37 0
38 0
39 0
40 0
41 0
42 0
43 0
44 0
45 0
46 0
47 1858
48 1747
49 1771
50 1758
51 1760
52 1791
53 1785
54 1814
55 1813
56 1814
57 1729
58 1770
59 1792
60 0
61 0
62 0
63 0
64 0
65 0
66 0
67 0
68 0
69 1744
70 1773
71 1846
72 1831
73 2046
74 1802
75 0
76 0
77 0
78 0
79 0
80 2191
81 2193
82 1922
83 1901
84 1926
85 1991
86 1928
87 1940
88 1939
89 93
90 96
91 2011
92 1973
93 1995
94 2012
95 2027
96 2037
97 0
98 0
99 0
100 0
101 0
102 0
103 0
104 0
105 1916
106 1932
107 1939
108 1948
109 1977
110 1988
111 2027
112 2031
113 2041
114 1982
115 1914
116 0
117 0
118 0
119 0
120 0
121 2027
122 1975
123 2009
124 2007
125 2026
126 2006
127 2050
128 1961
129 1968
130 1979
131 2000
132 2003
133 2008
134 1942
135 102
136 101
137 16
138 1874
139 1996
140 1887
141 1913
142 1937
143 1948
144 1921
145 0
146 1976
147 1970
148 1991
149 2007
150 2016
151 2006
152 1996
153 1997
154 1987
155 2011
156 1973
157 2009
158 2064
159 2075
160 2073
161 2101
162 2113
163 2143
164 0
165 0
166 0
167 0
168 0
169 0
170 0
171 0
172 0
173 0
174 0
175 0
176 0
177 0
178 0
179 0
180 0
181 0
182 0
183 0
184 0
185 0
186 0
187 0
188 0
189 0
190 0
191 0
192 0
