1 0
2 0
3 0
4 0
5 0
6 0
7 0
8 0
9 0
10 0
11 0
12 0
13 0
14 0
15 0
16 0
17 0
18 0
19 0
20 0
21 0
22 0
23 0
24 0
25 0
26 0
27 0
28 0
29 0
30 0
31 0
32 0
33 0
34 0
35 0
36 0
37 0
38 0
39 0
40 0
41 0
42 0
43 0
44 0
45 0
46 0
47 1714
48 1702
49 1715
50 1673
51 1643
52 1735
53 1746
54 1751
55 1760
56 1758
57 2
58 1670
59 1711
60 0
61 0
62 0
63 0
64 0
65 0
66 0
67 0
68 0
69 1663
70 1717
71 1729
72 1669
73 1679
74 1705
75 0
76 0
77 0
78 0
79 0
80 2178
81 1835
82 1827
83 1851
84 1851
85 1864
86 1879
87 1880
88 1882
89 92
90 95
91 1710
92 1875
93 1896
94 1930
95 1952
96 1960
97 0
98 0
99 0
100 0
101 0
102 0
103 0
104 0
105 1773
106 1853
107 1860
108 1871
109 1882
110 1897
111 1908
112 1924
113 1931
114 1846
115 1835
116 0
117 0
118 0
119 0
120 0
121 1954
122 1928
123 1898
124 1965
125 1937
126 1822
127 1892
128 1873
129 1882
130 1886
131 1898
132 1910
133 1921
134 1927
135 101
136 74
137 0
138 1864
139 1822
140 1784
141 1815
142 1836
143 1854
144 1898
145 0
146 1882
147 1889
148 1889
149 1900
150 1896
151 1907
152 1907
153 1906
154 1956
155 1910
156 1953
157 1906
158 1943
159 1970
160 1987
161 1992
162 2015
163 127
164 0
165 0
166 0
167 0
168 0
169 0
170 0
171 0
172 0
173 0
174 0
175 0
176 0
177 0
178 0
179 0
180 0
181 0
182 0
183 0
184 0
185 0
186 0
187 0
188 0
189 0
190 0
191 0
192 0
