835
838
835
835
836
837
835
835
837
836
834
837
833
837
837
838
835
837
835
834
837
836
835
837
833
837
837
834
835
833
837
837
835
838
836
838
837
838
834
836
838
835
834
838
836
838
836
839
837
839
843
842
847
846
848
849
847
850
850
850
847
850
849
847
850
849
849
850
847
850
850
850
850
849
846
851
848
850
851
847
849
850
850
850
848
850
848
847
850
847
850
849
850
847
850
849
847
850
848
849
851
847
848
847
850
850
850
849
850
849
849
851
847
849
849
851
849
848
851
848
849
851
847
851
851
851
849
850
849
851
850
851
851
847
849
851
850
848
850
848
849
849
848
850
850
848
850
851
849
849
850
850
847
850
850
848
850
851
849
849
847
851
849
847
851
850
850
